Current u Velocity Field: 
0.0000e+00 0.0000e+00 0.0000e+00 0.0000e+00 0.0000e+00 0.0000e+00 0.0000e+00 0.0000e+00 0.0000e+00 0.0000e+00 0.0000e+00 0.0000e+00 0.0000e+00 0.0000e+00 0.0000e+00 0.0000e+00 
0.0000e+00 1.9214e-25 2.5638e-23 2.8475e-21 2.5320e-19 1.6927e-17 7.6032e-16 1.7677e-14 4.2942e-14 4.6097e-14 3.0608e-14 1.4530e-14 5.3391e-15 1.5961e-15 4.0114e-16 0.0000e+00 
0.0000e+00 2.3177e-23 3.0894e-21 3.4272e-19 3.0432e-17 2.0309e-15 9.1028e-14 2.1108e-12 5.1320e-12 5.5219e-12 3.6748e-12 1.7478e-12 6.4323e-13 1.9252e-13 4.8430e-14 0.0000e+00 
0.0000e+00 2.3936e-21 3.1868e-19 3.5303e-17 3.1292e-15 2.0838e-13 9.3140e-12 2.1520e-10 5.2364e-10 5.6515e-10 3.7726e-10 1.7989e-10 6.6335e-11 1.9885e-11 5.0080e-12 0.0000e+00 
0.0000e+00 2.0597e-19 2.7384e-17 3.0282e-15 2.6783e-13 1.7785e-11 7.9195e-10 1.8204e-08 4.4322e-08 4.8039e-08 3.2206e-08 1.5411e-08 5.6981e-09 1.7115e-09 4.3168e-10 0.0000e+00 
0.0000e+00 1.4185e-17 1.8826e-15 2.0773e-13 1.8321e-11 1.2120e-09 5.3677e-08 1.2242e-06 2.9804e-06 3.2504e-06 2.1931e-06 1.0549e-06 3.9151e-07 1.1792e-07 2.9798e-08 0.0000e+00 
0.0000e+00 7.3412e-16 9.7220e-14 1.0697e-11 9.3986e-10 6.1838e-08 2.7163e-06 6.1125e-05 1.4855e-04 1.6360e-04 1.1156e-04 5.4105e-05 2.0198e-05 6.1067e-06 1.5472e-06 0.0000e+00 
0.0000e+00 2.5509e-14 3.3688e-12 3.6928e-10 3.2272e-08 2.1060e-06 9.1248e-05 1.9993e-03 4.8217e-03 5.4048e-03 3.7626e-03 1.8534e-03 6.9867e-04 2.1248e-04 5.4021e-05 0.0000e+00 
0.0000e+00 4.5815e-13 6.0292e-11 6.5759e-09 5.7026e-07 3.6732e-05 1.5506e-03 3.1741e-02 7.4124e-02 8.6453e-02 6.3501e-02 3.2479e-02 1.2489e-02 3.8335e-03 9.7887e-04 0.0000e+00 
0.0000e+00 8.4400e-13 1.1137e-10 1.2186e-08 1.0608e-06 6.8632e-05 2.9100e-03 5.9502e-02 1.4142e-01 1.6934e-01 1.2659e-01 6.4798e-02 2.4666e-02 7.4755e-03 1.8870e-03 0.0000e+00 
0.0000e+00 5.8819e-13 7.7944e-11 8.5794e-09 7.5354e-07 4.9475e-05 2.1578e-03 4.7364e-02 1.1890e-01 1.4040e-01 1.0016e-01 4.8939e-02 1.8035e-02 5.3578e-03 1.3362e-03 0.0000e+00 
0.0000e+00 2.4186e-13 3.2156e-11 3.5556e-09 3.1437e-07 2.0859e-05 9.2737e-04 2.1294e-02 5.4944e-02 6.3028e-02 4.3208e-02 2.0561e-02 7.4783e-03 2.2078e-03 5.4869e-04 0.0000e+00 
0.0000e+00 6.9661e-14 9.2832e-12 1.0297e-09 9.1435e-08 6.1054e-06 2.7419e-04 6.4096e-03 1.6532e-02 1.8508e-02 1.2450e-02 5.8805e-03 2.1358e-03 6.3075e-04 1.5682e-04 0.0000e+00 
0.0000e+00 1.5365e-14 2.0509e-12 2.2796e-10 2.0299e-08 1.3605e-06 6.1402e-05 1.4438e-03 3.6902e-03 4.0664e-03 2.7137e-03 1.2801e-03 4.6556e-04 1.3771e-04 3.4280e-05 0.0000e+00 
0.0000e+00 2.7401e-15 3.6617e-13 4.0758e-11 3.6356e-09 2.4419e-07 1.1049e-05 2.6027e-04 6.5914e-04 7.1931e-04 4.7813e-04 2.2552e-04 8.2124e-05 2.4326e-05 6.0621e-06 0.0000e+00 
0.0000e+00 4.0968e-16 5.4791e-14 6.1046e-12 5.4515e-10 3.6662e-08 1.6610e-06 3.9145e-05 9.8394e-05 1.0672e-04 7.0769e-05 3.3379e-05 1.2166e-05 3.6072e-06 8.9976e-07 0.0000e+00 
0.0000e+00 5.2663e-17 7.0473e-15 7.8569e-13 7.0214e-11 4.7257e-09 2.1424e-07 5.0489e-06 1.2616e-05 1.3627e-05 9.0230e-06 4.2556e-06 1.5519e-06 4.6050e-07 1.1495e-07 0.0000e+00 
0.0000e+00 0.0000e+00 0.0000e+00 0.0000e+00 0.0000e+00 0.0000e+00 0.0000e+00 0.0000e+00 0.0000e+00 0.0000e+00 0.0000e+00 0.0000e+00 0.0000e+00 0.0000e+00 0.0000e+00 0.0000e+00 
Current v Velocity Field: 
0.0000e+00 0.0000e+00 0.0000e+00 0.0000e+00 0.0000e+00 0.0000e+00 0.0000e+00 0.0000e+00 0.0000e+00 0.0000e+00 0.0000e+00 0.0000e+00 0.0000e+00 0.0000e+00 0.0000e+00 0.0000e+00 
0.0000e+00 1.9214e-25 2.5638e-23 2.8475e-21 2.5320e-19 1.6927e-17 7.6032e-16 1.7677e-14 4.2942e-14 4.6097e-14 3.0608e-14 1.4530e-14 5.3391e-15 1.5961e-15 4.0114e-16 0.0000e+00 
0.0000e+00 2.3177e-23 3.0894e-21 3.4272e-19 3.0432e-17 2.0309e-15 9.1028e-14 2.1108e-12 5.1320e-12 5.5219e-12 3.6748e-12 1.7478e-12 6.4323e-13 1.9252e-13 4.8430e-14 0.0000e+00 
0.0000e+00 2.3936e-21 3.1868e-19 3.5303e-17 3.1292e-15 2.0838e-13 9.3140e-12 2.1520e-10 5.2364e-10 5.6515e-10 3.7726e-10 1.7989e-10 6.6335e-11 1.9885e-11 5.0080e-12 0.0000e+00 
0.0000e+00 2.0597e-19 2.7384e-17 3.0282e-15 2.6783e-13 1.7785e-11 7.9195e-10 1.8204e-08 4.4322e-08 4.8039e-08 3.2206e-08 1.5411e-08 5.6981e-09 1.7115e-09 4.3168e-10 0.0000e+00 
0.0000e+00 1.4185e-17 1.8826e-15 2.0773e-13 1.8321e-11 1.2120e-09 5.3677e-08 1.2242e-06 2.9804e-06 3.2504e-06 2.1931e-06 1.0549e-06 3.9151e-07 1.1792e-07 2.9798e-08 0.0000e+00 
0.0000e+00 7.3412e-16 9.7220e-14 1.0697e-11 9.3986e-10 6.1838e-08 2.7163e-06 6.1125e-05 1.4855e-04 1.6360e-04 1.1156e-04 5.4105e-05 2.0198e-05 6.1067e-06 1.5472e-06 0.0000e+00 
0.0000e+00 2.5509e-14 3.3688e-12 3.6928e-10 3.2272e-08 2.1060e-06 9.1248e-05 1.9993e-03 4.8217e-03 5.4048e-03 3.7626e-03 1.8534e-03 6.9867e-04 2.1248e-04 5.4021e-05 0.0000e+00 
0.0000e+00 4.5815e-13 6.0292e-11 6.5759e-09 5.7026e-07 3.6732e-05 1.5506e-03 3.1741e-02 7.4124e-02 8.6453e-02 6.3501e-02 3.2479e-02 1.2489e-02 3.8335e-03 9.7887e-04 0.0000e+00 
0.0000e+00 8.4400e-13 1.1137e-10 1.2186e-08 1.0608e-06 6.8632e-05 2.9100e-03 5.9502e-02 1.4142e-01 1.6934e-01 1.2659e-01 6.4798e-02 2.4666e-02 7.4755e-03 1.8870e-03 0.0000e+00 
0.0000e+00 5.8819e-13 7.7944e-11 8.5794e-09 7.5354e-07 4.9475e-05 2.1578e-03 4.7364e-02 1.1890e-01 1.4040e-01 1.0016e-01 4.8939e-02 1.8035e-02 5.3578e-03 1.3362e-03 0.0000e+00 
0.0000e+00 2.4186e-13 3.2156e-11 3.5556e-09 3.1437e-07 2.0859e-05 9.2737e-04 2.1294e-02 5.4944e-02 6.3028e-02 4.3208e-02 2.0561e-02 7.4783e-03 2.2078e-03 5.4869e-04 0.0000e+00 
0.0000e+00 6.9661e-14 9.2832e-12 1.0297e-09 9.1435e-08 6.1054e-06 2.7419e-04 6.4096e-03 1.6532e-02 1.8508e-02 1.2450e-02 5.8805e-03 2.1358e-03 6.3075e-04 1.5682e-04 0.0000e+00 
0.0000e+00 1.5365e-14 2.0509e-12 2.2796e-10 2.0299e-08 1.3605e-06 6.1402e-05 1.4438e-03 3.6902e-03 4.0664e-03 2.7137e-03 1.2801e-03 4.6556e-04 1.3771e-04 3.4280e-05 0.0000e+00 
0.0000e+00 2.7401e-15 3.6617e-13 4.0758e-11 3.6356e-09 2.4419e-07 1.1049e-05 2.6027e-04 6.5914e-04 7.1931e-04 4.7813e-04 2.2552e-04 8.2124e-05 2.4326e-05 6.0621e-06 0.0000e+00 
0.0000e+00 4.0968e-16 5.4791e-14 6.1046e-12 5.4515e-10 3.6662e-08 1.6610e-06 3.9145e-05 9.8394e-05 1.0672e-04 7.0769e-05 3.3379e-05 1.2166e-05 3.6072e-06 8.9976e-07 0.0000e+00 
0.0000e+00 5.2663e-17 7.0473e-15 7.8569e-13 7.0214e-11 4.7257e-09 2.1424e-07 5.0489e-06 1.2616e-05 1.3627e-05 9.0230e-06 4.2556e-06 1.5519e-06 4.6050e-07 1.1495e-07 0.0000e+00 
0.0000e+00 0.0000e+00 0.0000e+00 0.0000e+00 0.0000e+00 0.0000e+00 0.0000e+00 0.0000e+00 0.0000e+00 0.0000e+00 0.0000e+00 0.0000e+00 0.0000e+00 0.0000e+00 0.0000e+00 0.0000e+00 
